1	"Warrior's"	0	10	-1	-1	19	10	-1	-1	13	20	-1	-1	14	5	-1	-1	10	20	-1	-1	1	10	-1	-1	-1	-1	-1	-1	15	5	17	5	0	25	-1	-1	-1	-1	0	0	0	0	0	0	0	
2	"Anonymous's"	11	50	-1	-1	1	50	-1	-1	22	25	-1	-1	-1	-1	-1	-1	-1	-1	-1	-1	-1	-1	-1	-1	-1	-1	-1	-1	8	30	-1	-1	-1	-1	-1	-1	-1	-1	0	0	0	0	0	0	0	
3	"Hyperion's"	2	15	-1	-1	1	15	-1	-1	-1	-1	-1	-1	-1	-1	-1	-1	-1	-1	-1	-1	-1	-1	-1	-1	-1	-1	-1	-1	19	20	12	30	-1	-1	-1	-1	-1	-1	0	0	0	0	0	0	0	
4	"Mist's"	3	20	-1	-1	19	30	-1	-1	-1	-1	-1	-1	-1	-1	-1	-1	-1	-1	-1	-1	-1	-1	-1	-1	-1	-1	-1	-1	20	10	1	20	-1	-1	-1	-1	-1	-1	0	0	0	0	0	0	0	
5	"Eplete's"	19	15	-1	-1	9	50	-1	-1	7	5	-1	-1	11	50	-1	-1	-1	-1	-1	-1	-1	-1	-1	-1	-1	-1	-1	-1	13	30	15	10	17	10	-1	-1	-1	-1	0	0	0	0	0	0	0	
6	"Berserker's"	6	10	-1	-1	6	20	-1	-1	6	30	-1	-1	6	40	-1	-1	-1	-1	-1	-1	-1	-1	-1	-1	-1	-1	-1	-1	19	40	0	40	-1	-1	-1	-1	-1	-1	0	0	0	0	0	0	0	
7	"Garuda's"	13	30	-1	-1	20	5	-1	-1	2	15	-1	-1	11	50	-1	-1	-1	-1	-1	-1	-1	-1	-1	-1	-1	-1	-1	-1	19	25	7	15	-1	-1	-1	-1	-1	-1	0	0	0	0	0	0	0	
8	"Cloud's"	15	20	-1	-1	-1	-1	-1	-1	-1	-1	-1	-1	-1	-1	-1	-1	-1	-1	-1	-1	-1	-1	-1	-1	-1	-1	-1	-1	16	50	-1	-1	-1	-1	-1	-1	-1	-1	0	0	0	0	0	0	0	
9	"Kantata's"	2	15	-1	-1	3	30	-1	-1	7	10	-1	-1	0	15	-1	-1	-1	-1	-1	-1	-1	-1	-1	-1	-1	-1	-1	-1	19	25	17	10	18	20	-1	-1	-1	-1	0	0	0	0	0	0	0	
10	"Rave's"	19	20	-1	-1	20	10	-1	-1	-1	-1	-1	-1	-1	-1	-1	-1	-1	-1	-1	-1	-1	-1	-1	-1	-1	-1	-1	-1	23	30	21	5	-1	-1	-1	-1	-1	-1	0	0	0	0	0	0	0	
11	"Hyon's"	10	25	-1	-1	20	10	-1	-1	19	20	-1	-1	-1	-1	-1	-1	-1	-1	-1	-1	-1	-1	-1	-1	-1	-1	-1	-1	15	15	17	15	16	20	18	20	-1	-1	0	0	0	0	0	0	0	
12	"Vicious's"	19	15	-1	-1	8	15	-1	-1	20	10	-1	-1	-1	-1	-1	-1	-1	-1	-1	-1	-1	-1	-1	-1	-1	-1	-1	-1	5	20	6	30	21	5	-1	-1	-1	-1	0	0	0	0	0	0	0	
13	"Apollo's"	2	10	-1	-1	7	5	-1	-1	19	10	-1	-1	12	30	-1	-1	11	30	-1	-1	13	20	-1	-1	-1	-1	-1	-1	15	10	17	10	2	30	-1	-1	-1	-1	0	0	0	0	0	0	0	
14	"Barnake's"	7	10	-1	-1	2	20	-1	-1	-1	-1	-1	-1	-1	-1	-1	-1	-1	-1	-1	-1	-1	-1	-1	-1	-1	-1	-1	-1	19	30	12	100	-1	-1	-1	-1	-1	-1	0	0	0	0	0	0	0	
15	"Evis's"	19	15	-1	-1	3	20	-1	-1	7	10	-1	-1	-1	-1	-1	-1	-1	-1	-1	-1	-1	-1	-1	-1	-1	-1	-1	-1	20	5	9	50	14	5	-1	-1	-1	-1	0	0	0	0	0	0	0	
16	"Sylion's"	20	5	-1	-1	15	5	-1	-1	10	20	-1	-1	-1	-1	-1	-1	-1	-1	-1	-1	-1	-1	-1	-1	-1	-1	-1	-1	0	50	1	50	3	50	2	50	-1	-1	0	0	0	0	0	0	0	
18	"Minet's"	2	30	-1	-1	10	30	-1	-1	-1	-1	-1	-1	-1	-1	-1	-1	-1	-1	-1	-1	-1	-1	-1	-1	-1	-1	-1	-1	12	100	19	15	-1	-1	-1	-1	-1	-1	0	0	0	0	0	0	0	
19	"Anubis's"	20	10	-1	-1	12	50	-1	-1	7	10	-1	-1	-1	-1	-1	-1	-1	-1	-1	-1	-1	-1	-1	-1	-1	-1	-1	-1	15	15	17	15	16	20	18	20	-1	-1	0	0	0	0	0	0	0	
20	"Enis"	19	10	-1	-1	20	10	-1	-1	2	30	-1	-1	-1	-1	-1	-1	-1	-1	-1	-1	-1	-1	-1	-1	-1	-1	-1	-1	7	10	21	5	-1	-1	-1	-1	-1	-1	0	0	0	0	0	0	0	
21	"Ceto's"	1	10	-1	-1	11	50	-1	-1	10	20	-1	-1	22	5	-1	-1	2	10	-1	-1	-1	-1	-1	-1	-1	-1	-1	-1	11	50	0	20	-1	-1	-1	-1	-1	-1	0	0	0	0	0	0	0	
22	"Drake's"	1	20	-1	-1	8	25	-1	-1	20	20	-1	-1	-1	-1	-1	-1	-1	-1	-1	-1	-1	-1	-1	-1	-1	-1	-1	-1	10	40	15	10	-1	-1	-1	-1	-1	-1	0	0	0	0	0	0	0	
23	"Gaia's"	19	10	-1	-1	12	25	-1	-1	0	10	-1	-1	20	5	-1	-1	-1	-1	-1	-1	-1	-1	-1	-1	-1	-1	-1	-1	1	30	17	10	18	10	-1	-1	-1	-1	0	0	0	0	0	0	0	
24	"Fase's"	11	100	-1	-1	12	100	-1	-1	-1	-1	-1	-1	-1	-1	-1	-1	-1	-1	-1	-1	-1	-1	-1	-1	-1	-1	-1	-1	10	100	-1	-1	-1	-1	-1	-1	-1	-1	0	0	0	0	0	0	0	
25	"Odin's"	2	15	-1	-1	11	50	-1	-1	9	50	-1	-1	1	30	-1	-1	-1	-1	-1	-1	-1	-1	-1	-1	-1	-1	-1	-1	12	50	21	5	13	50	-1	-1	-1	-1	0	0	0	0	0	0	0	
26	"Elvian's"	1	30	-1	-1	-1	-1	-1	-1	-1	-1	-1	-1	-1	-1	-1	-1	-1	-1	-1	-1	-1	-1	-1	-1	-1	-1	-1	-1	21	5	-1	-1	-1	-1	-1	-1	-1	-1	0	0	0	0	0	0	0	
27	"Argo's"	6	20	-1	-1	19	25	-1	-1	-1	-1	-1	-1	-1	-1	-1	-1	-1	-1	-1	-1	-1	-1	-1	-1	-1	-1	-1	-1	13	50	20	5	-1	-1	-1	-1	-1	-1	0	0	0	0	0	0	0	
28	"Karis's"	19	15	-1	-1	20	10	-1	-1	-1	-1	-1	-1	-1	-1	-1	-1	-1	-1	-1	-1	-1	-1	-1	-1	-1	-1	-1	-1	15	10	1	40	-1	-1	-1	-1	-1	-1	0	0	0	0	0	0	0	
29	"Gywen's"	1	30	-1	-1	5	20	-1	20	10	20	-1	-1	6	20	-1	-1	-1	-1	-1	-1	-1	-1	-1	-1	-1	-1	-1	-1	15	15	17	15	16	20	18	20	-1	-1	0	0	0	0	0	0	0	
30	"Aruan's"	8	10	-1	-1	20	10	-1	-1	19	20	-1	-1	-1	-1	-1	-1	-1	-1	-1	-1	-1	-1	-1	-1	-1	-1	-1	-1	15	15	17	15	21	5	-1	-1	-1	-1	0	0	0	0	0	0	0	
31	"Gaion's"	21	5	-1	-1	20	15	-1	-1	19	15	-1	-1	-1	-1	-1	-1	-1	-1	-1	-1	-1	-1	-1	-1	-1	-1	-1	-1	17	15	18	30	7	10	0	30	-1	-1	0	0	0	0	0	0	0	
32	"Muren's"	19	10	-1	-1	7	10	-1	-1	20	10	-1	-1	-1	-1	-1	-1	-1	-1	-1	-1	-1	-1	-1	-1	-1	-1	-1	-1	15	15	17	15	10	25	23	20	-1	-1	0	0	0	0	0	0	0	
33	"Agnis's"	20	10	-1	-1	10	40	-1	-1	19	20	-1	-1	-1	-1	-1	-1	-1	-1	-1	-1	-1	-1	-1	-1	-1	-1	-1	-1	15	15	17	15	16	20	18	20	-1	-1	0	0	0	0	0	0	0	
34	"Broy's"	8	20	-1	-1	19	20	-1	-1	2	30	-1	-1	-1	-1	-1	-1	-1	-1	-1	-1	-1	-1	-1	-1	-1	-1	-1	-1	15	15	17	15	21	5	4	30	-1	-1	0	0	0	0	0	0	0	
35	"Chrono's"	20	20	-1	-1	10	60	-1	-1	19	30	-1	-1	-1	-1	-1	-1	-1	-1	-1	-1	-1	-1	-1	-1	-1	-1	-1	-1	15	15	17	15	16	20	18	20	-1	-1	0	0	0	0	0	0	0	
36	"Semeden's"	7	15	-1	-1	19	25	-1	-1	2	30	-1	-1	-1	-1	-1	-1	-1	-1	-1	-1	-1	-1	-1	-1	-1	-1	-1	-1	15	15	17	15	21	5	-1	-1	-1	-1	0	0	0	0	0	0	0	
37	"Vega's"	9	50	-1	-1	3	50	-1	-1	6	30	-1	-1	-1	-1	-1	-1	-1	-1	-1	-1	-1	-1	-1	-1	-1	-1	-1	-1	17	15	20	5	21	5	-1	-1	-1	-1	0	0	0	0	0	0	0	
38	"Chamer's"	10	50	-1	-1	20	5	-1	-1	8	30	-1	-1	-1	-1	-1	-1	-1	-1	-1	-1	-1	-1	-1	-1	-1	-1	-1	-1	16	30	17	15	19	30	18	20	-1	-1	0	0	0	0	0	0	0	
39	"Moros's"	11	30	-1	-1	19	25	-1	-1	10	20	-1	-1	20	10	-1	-1	-1	-1	-1	-1	-1	-1	-1	-1	-1	-1	-1	-1	15	10	17	10	16	10	18	10	-1	-1	0	0	0	0	0	0	0
40	"Dione's"	11	30	-1	-1	19	25	-1	-1	10	20	-1	-1	20	10	-1	-1	-1	-1	-1	-1	-1	-1	-1	-1	-1	-1	-1	-1	15	10	17	10	16	10	18	10	-1	-1	0	0	0	0	0	0	0
41	"Hades's"	11	30	-1	-1	19	25	-1	-1	10	20	-1	-1	20	10	-1	-1	-1	-1	-1	-1	-1	-1	-1	-1	-1	-1	-1	-1	15	10	17	10	16	10	18	10	-1	-1	0	0	0	0	0	0	0
42	"Ophion's"	11	30	-1	-1	19	25	-1	-1	10	20	-1	-1	20	10	-1	-1	-1	-1	-1	-1	-1	-1	-1	-1	-1	-1	-1	-1	15	10	17	10	16	10	18	10	-1	-1	0	0	0	0	0	0	0
43	"Meter's"	11	50	-1	-1	10	40	-1	-1	20	15	-1	-1	15	15	-1	-1	-1	-1	-1	-1	-1	-1	-1	-1	-1	-1	-1	-1	17	15	16	20	18	20	21	5	-1	-1	0	0	0	0	0	0	0
44	"Hegaton's"	11	50	-1	-1	10	40	-1	-1	20	15	-1	-1	15	15	-1	-1	-1	-1	-1	-1	-1	-1	-1	-1	-1	-1	-1	-1	17	15	16	20	18	20	21	5	-1	-1	0	0	0	0	0	0	0
45	"Castol's"	11	50	-1	-1	10	40	-1	-1	20	15	-1	-1	15	15	-1	-1	-1	-1	-1	-1	-1	-1	-1	-1	-1	-1	-1	-1	17	15	16	20	18	20	21	5	-1	-1	0	0	0	0	0	0	0
46	"Taros's"	11	50	-1	-1	10	40	-1	-1	20	15	-1	-1	15	15	-1	-1	-1	-1	-1	-1	-1	-1	-1	-1	-1	-1	-1	-1	17	15	16	20	18	20	21	5	-1	-1	0	0	0	0	0	0	0
47	"Nemesis's"	11	50	-1	-1	10	40	-1	-1	20	15	-1	-1	15	15	-1	-1	-1	-1	-1	-1	-1	-1	-1	-1	-1	-1	-1	-1	17	15	16	20	18	20	21	5	-1	-1	0	0	0	0	0	0	0
48	"Amis's"	11	50	-1	-1	10	40	-1	-1	20	15	-1	-1	-1	-1	-1	-1	-1	-1	-1	-1	-1	-1	-1	-1	-1	-1	-1	-1	15	15	17	15	16	20	18	20	21	5	0	0	0	0	0	0	0
49	"Trite's"	11	50	-1	-1	10	40	-1	-1	20	15	-1	-1	-1	-1	-1	-1	-1	-1	-1	-1	-1	-1	-1	-1	-1	-1	-1	-1	15	15	17	15	16	20	18	20	21	5	0	0	0	0	0	0	0
50	"Mahes's"	11	100	-1	-1	-1	-1	-1	-1	-1	-1	-1	-1	-1	-1	-1	-1	-1	-1	-1	-1	-1	-1	-1	-1	-1	-1	-1	-1	21	6	22	17	-1	-1	-1	-1	-1	-1	0	0	0	0	0	0	0
51	"Bes's"		2	200	-1	-1	-1	-1	-1	-1	-1	-1	-1	-1	-1	-1	-1	-1	-1	-1	-1	-1	-1	-1	-1	-1	-1	-1	-1	-1	7	9	19	80	-1	-1	-1	-1	-1	-1	0	0	0	0	0	0	0
52	"Serket's"	1	40	-1	-1	-1	-1	-1	-1	-1	-1	-1	-1	-1	-1	-1	-1	-1	-1	-1	-1	-1	-1	-1	-1	-1	-1	-1	-1	10	90	8	40	-1	-1	-1	-1	-1	-1	0	0	0	0	0	0	0
53	"Apis's"	0	60	-1	-1	-1	-1	-1	-1	-1	-1	-1	-1	-1	-1	-1	-1	-1	-1	-1	-1	-1	-1	-1	-1	-1	-1	-1	-1	16	40	18	40	-1	-1	-1	-1	-1	-1	0	0	0	0	0	0	0
54	"Khons's"	11	200	-1	-1	-1	-1	-1	-1	-1	-1	-1	-1	-1	-1	-1	-1	-1	-1	-1	-1	-1	-1	-1	-1	-1	-1	-1	-1	15	3	17	3	-1	-1	-1	-1	-1	-1	0	0	0	0	0	0	0
55	"Hapy's"	1	10	-1	-1	-1	-1	-1	-1	-1	-1	-1	-1	-1	-1	-1	-1	-1	-1	-1	-1	-1	-1	-1	-1	-1	-1	-1	-1	21	1	10	40	-1	-1	-1	-1	-1	-1	0	0	0	0	0	0	0
56	"Horus's"	5	80	-1	-1	-1	-1	-1	-1	-1	-1	-1	-1	-1	-1	-1	-1	-1	-1	-1	-1	-1	-1	-1	-1	-1	-1	-1	-1	19	60	20	4	-1	-1	-1	-1	-1	-1	0	0	0	0	0	0	0
57	"Bragi's"	0	10	-1	-1	0	20	-1	-1	0	30	-1	-1	11	50	-1	-1	-1	-1	-1	-1	-1	-1	-1	-1	-1	-1	-1	-1	5	30	23	6	20	3	19	50	-1	-1	0	0	0	0	0	0	0
58	"Alvis's"	20	1	-1	-1	20	2	-1	-1	20	3	-1	-1	2	10	-1	-1	-1	-1	-1	-1	-1	-1	-1	-1	-1	-1	-1	-1	21	1	15	8	17	8	22	8	-1	-1	0	0	0	0	0	0	0
59	"Frigg's"	5	40	-1	-1	6	40	-1	-1	5	50	-1	-1	6	50	-1	-1	-1	-1	-1	-1	-1	-1	-1	-1	-1	-1	-1	-1	15	7	17	7	11	50	10	20	-1	-1	0	0	0	0	0	0	0
60	"Tyr's"		0	20	-1	-1	1	20	-1	-1	2	20	-1	-1	3	20	-1	-1	-1	-1	-1	-1	-1	-1	-1	-1	-1	-1	-1	-1	20	1	7	1	23	6	17	12	-1	-1	0	0	0	0	0	0	0
61	"Surt's"	22	2	-1	-1	10	20	-1	-1	0	30	-1	-1	11	70	-1	-1	-1	-1	-1	-1	-1	-1	-1	-1	-1	-1	-1	-1	19	40	16	80	15	11	2	60	-1	-1	0	0	0	0	0	0	0
62	"Elune's"	17	8	-1	-1	17	9	-1	-1	17	10	-1	-1	20	12	-1	-1	-1	-1	-1	-1	-1	-1	-1	-1	-1	-1	-1	-1	19	80	10	40	12	200	7	13	-1	-1	0	0	0	0	0	0	0
63	"Magni's"	6	5	-1	-1	6	10	-1	-1	6	15	-1	-1	11	100	-1	-1	-1	-1	-1	-1	-1	-1	-1	-1	-1	-1	-1	-1	10	50	18	10	17	8	8	60	-1	-1	0	0	0	0	0	0	0
end